id,name,family
1,ali,alipour
2,reza,rezaii